-45.12061 -2.60071 -0.03348 0.00000 0.00000 0.00000 0.00000 0.00000 0.00000 -4.31893 0.00000 0.00000 0.00000 0.00000 0.00000 0.00000 0.00000 0.00000 14.87801 -121.04196 0.00000 0.00000 0.00000 0.00000 0.00000 0.00000 0.00000 0.00000 0.00000 0.00000 0.00000 0.00000 0.00000 0.00000 0.00000 0.00000 0.00000 0.00000 0.00000 0.02553 
222.61252 36.50908 299.40126 -19.51418 106.63603 38.65799 662.98079 812.88754 -711.16830 213.61440 -420.43714 36.27491 5.76674 161.98712 -228.56134 41.11200 -6.21399 20.74047 36.87916 -69.95358 -443.90779 38.10101 48.85523 -56.52067 -620.53514 -1345.35211 -266.84595 116.08701 7.07442 -7.90311 -501.60706 1261.86485 4.33522 -122.32164 -360.89637 -62.74225 -84.94035 -15.90979 63.65546 -749.22303 
-109.21090 70.90947 294.98902 214.02973 -3.49993 -137.87431 3.65750 -57.80315 178.34094 363.38818 148.60054 22.93424 -204.00750 12.84449 -108.91841 -60.71348 -14.07344 38.93090 -31.20527 -61.88809 -247.79530 47.14186 -72.25332 98.51898 -447.33748 -157.21674 -52.31453 -32.21884 266.09395 42.97702 -200.04256 -140.93266 -436.09203 -91.05931 69.56153 145.66416 -27.41564 -314.64926 -150.42514 23.46009 
431.20560 -168.50365 12.35457 144.92841 -156.85990 -116.14643 493.53312 223.28717 42.44940 6.90382 342.94468 -565.94746 -437.01204 46.37512 -311.23014 -71.62574 50.81655 184.01057 167.71010 -5.26796 -618.48802 -295.73985 -150.12880 -130.61027 -246.13535 -21.10635 -89.34455 197.71585 -684.52378 -255.18318 -11.86237 -24.86546 -891.11388 -57.84702 -255.25685 -102.44766 633.09791 62.77622 398.79083 870.51399 
29.13327 169.60025 -90.14070 -152.02430 20.69731 -71.01124 790.96074 -0.53727 -117.59772 -0.22789 -13.25659 -176.16490 -9.57443 19.10236 -163.67053 204.18952 161.84784 -213.17152 -608.80763 -939.94595 -255.21961 -12.09703 56.69426 -58.71564 39.11716 -164.11869 -45.78576 0.96653 188.61777 7.59836 -8.15369 -49.98168 8.67685 560.43854 130.62528 -204.26480 -98.81613 329.20107 654.78934 401.47264 
-111.99935 -3.27487 47.04979 16.22818 5.49627 -60.70494 -0.59600 273.76706 19.58621 -20.73650 -154.42303 334.78852 -6.09384 68.29754 15.97780 -127.95697 -35.99585 376.97455 -176.17077 -1482.55985 47.01640 -182.67260 -39.43137 103.40270 121.58799 -14.30708 -617.14106 1.27753 262.55707 16.97391 600.15059 99.74497 65.06710 659.39455 1009.26120 74.92184 120.41462 109.38723 -305.24473 74.47069 
-8.07516 -95.80052 26.24274 161.45772 263.06158 20.32078 -228.80064 -161.36741 -4.96184 -6.65343 298.16717 69.36266 -41.32610 485.50286 908.86575 -36.66583 725.73748 -210.19041 547.78152 72.92620 143.42474 96.48537 -66.60001 -19.18342 -50.22681 -9.13646 232.63610 1.62781 1027.34961 10.68477 -214.66081 70.78252 498.67020 778.55957 9.64492 -32.87475 109.51163 311.40747 43.21971 522.36183 
-123.03250 90.77760 -358.25337 -152.63665 -304.56058 -581.04510 82.15552 -180.82486 -18.44126 -4.50900 -84.98470 -55.21698 29.75446 510.14095 53.42168 39.97473 3.70296 82.30854 50.95880 -23.61454 395.59796 223.08075 -144.50177 -3.96754 14.43539 -310.81936 1.94025 735.81869 325.81895 -12.93042 130.55383 361.94262 5.83662 361.76808 238.05521 82.87181 33.35651 58.83877 -4.48735 -247.68498 
42.93079 -52.89753 576.35710 609.33405 538.99700 116.14668 -59.09211 -718.65048 37.70048 -124.62515 -40.80817 -66.78069 -324.50330 -9.37843 -38.29577 203.21529 329.05302 -3.58982 -129.70385 114.23430 -0.59023 -56.96065 -4.86194 -205.71323 45.10515 -45.98069 26.46110 52.33600 -2.92139 50.37955 0.99067 -80.84332 231.46538 -31.13566 -773.13307 -22.59292 259.41259 -0.00245 149.35615 30.40069 
-184.70400 39.99767 125.38032 -124.96474 29.28503 258.59124 -1.15417 -143.57387 -169.04291 -8.19386 -0.58325 16.57627 -92.38605 29.59059 -222.99838 68.03126 360.39552 -193.57128 113.96723 137.97062 88.44877 -133.12703 41.72009 149.01724 -192.99355 3.09557 117.65079 -198.33637 -9.06949 205.25931 542.78108 36.09280 244.01204 721.01542 -280.47153 17.55050 -31.34273 201.39187 -78.19033 -468.68805 
484.33676 -103.37472 141.69080 11.63473 -244.04130 -892.18671 -206.26863 -92.66065 1.59107 -104.68042 -60.63322 22.97382 16.65830 -4.20855 3.88117 -24.07050 69.39488 570.11495 -21.08646 93.72366 208.20623 -19.23958 -369.29921 -90.29916 -32.69682 254.54880 79.54875 -10.99614 224.69992 773.09818 249.45519 366.86428 -109.61255 11.03666 -210.79718 -141.32518 -385.52256 -920.24500 214.41538 348.03191 
-557.72020 262.06408 -441.37409 595.39262 615.40307 -892.37509 -57.91672 -171.69433 -158.08321 -12.79047 -38.81718 -6.84532 -14.57005 -0.60487 -0.13179 -8.68336 -638.57165 525.06173 2.01539 79.37278 12.11841 -146.53921 -85.74532 168.48438 -135.44878 0.67082 -477.30718 -25.92947 -62.62606 32.13310 4.38877 276.90999 734.92429 673.70999 102.97129 -555.74512 -151.68298 -88.69586 -680.42337 -611.45358 
203.11486 21.79077 35.18213 -407.10174 410.01757 -25.21777 189.33060 4.92246 46.46003 6.68268 -97.14740 -97.52610 518.15713 -29.95479 104.09191 -81.84319 -292.15933 -6.11337 -25.26622 -23.12307 -48.09669 -471.33821 -937.46862 -99.92559 -19.30093 38.43856 55.87282 -46.80347 347.39876 30.66822 14.51694 533.66537 298.80839 -7.91368 -188.15843 -239.00881 -128.31373 126.13105 425.75110 57.21941 
512.38714 16.40063 73.15421 601.80475 32.90149 -173.01436 152.54507 -415.82698 -1.73233 -277.37823 -48.08955 -34.74588 -0.16165 -10.67859 640.12546 -5.90077 -4.51101 -245.97755 -218.93866 -69.21973 -357.97739 -710.73772 5.46619 -198.85409 936.34207 -40.97395 -72.70322 -91.51059 -226.33255 66.46168 -17.19477 451.71209 -136.37883 -107.87659 212.96635 570.55789 643.35338 -18.59055 -123.30871 773.12880 
526.97858 93.31287 695.09817 1299.41408 -429.31866 -612.14586 0.15419 -8.08708 56.07258 191.11825 -64.27292 -222.20513 -34.06295 -0.18126 6.00849 -109.79319 -12.40543 -49.97367 -106.69467 -2.62300 -4.80427 -15.65843 -13.63196 -234.21767 -89.60983 -2.23523 -365.01172 20.33692 -105.48610 66.36679 28.99783 110.22117 279.34044 -40.08967 109.24369 529.63725 -11.58755 72.98893 181.09197 73.57573 
616.46077 43.03635 245.31614 -480.76238 -303.17632 36.02725 196.57478 -50.03324 2.21265 31.67438 -84.64361 58.49070 15.47858 410.26133 10.29613 -49.75662 -29.83627 0.77856 10.80357 1013.24951 0.19741 -0.80951 -1.88972 89.89881 -74.72668 5.03303 -250.58117 -10.01161 -4.47404 2.33116 18.00391 -230.92112 72.71018 -42.68692 236.64618 12.18180 52.02742 158.41261 115.70668 276.68374 
666.58359 111.21932 -51.55685 -260.71720 -479.27584 4.60399 33.97575 -56.86560 65.57087 -36.99980 452.02239 3.28758 69.34303 251.36400 154.43516 -12.46182 18.18097 -115.66653 521.85948 2.54892 0.02894 75.09067 221.61355 -139.54879 2.32361 66.79692 -64.56890 280.38809 -28.33422 -0.66288 0.15027 -196.02695 3.35408 -6.65082 -14.96182 777.56978 435.59545 242.31040 -255.27191 -177.20815 
153.22271 116.82419 -169.66640 54.98954 -7.27864 -420.36973 92.42359 0.16578 -283.01528 -13.92461 9.22232 -118.92918 -59.05093 -20.29423 166.70250 215.79825 -1871.99465 721.17698 -98.68345 151.52456 2.37115 196.50960 -274.74457 -60.79089 -1087.95661 -115.67797 136.04353 -4.82643 41.10480 -127.88593 -400.99635 144.23840 45.02891 387.78108 12.14104 -37.54838 34.79713 2.64974 113.13602 -12.02598 
-379.28327 -141.68841 219.35035 312.10213 25.50866 393.95653 29.13350 494.15274 113.32272 18.85592 -279.15276 -672.63379 -672.04925 -562.22869 -40.92106 -342.86657 88.77451 403.90112 -306.28977 -13.44129 -42.13579 54.22193 76.08179 60.52349 -99.36227 412.70172 435.61446 -22.91304 -599.99254 -98.70385 -137.02648 43.12603 32.11761 0.03508 161.99177 106.69739 52.96161 235.05337 -84.80844 -262.23671 
2.26911 0.80758 -123.65758 0.00000 0.00000 0.00000 0.00000 1.05711 77.23236 -0.91112 0.00000 -21.49342 0.00000 0.00000 20.77607 37.96137 0.00000 0.00000 0.00000 0.00000 0.00000 2.82508 0.05103 0.00000 0.00000 0.00000 0.77375 -40.35524 0.00000 0.08452 -2.12307 -0.73366 0.00000 -0.01883 -46.15812 0.28296 0.15748 0.00000 -0.02677 -0.30485 
